#### Реализуйте перемножение квадратных матриц произвольной размерности, используя библиотеку numpy (для создания матриц) и библиотеку threading (поточное вычисление).  
#### Результат выполнения программы:  
```
Введите желаемую размерность матриц: 4
Матрица А:
 [[ -2  -5   2   8]
 [ -3 -10  -3   4]
 [ -2   5  -5  -3]
 [  4  10  -4   1]]

Матрица B:
 [[ -9   1 -10   5]
 [  1  -7   2   8]
 [ -8   2  -1   3]
 [ -7  -2  -9   6]]

A*B (потоки)
 [[-59  21 -64   4]
 [ 13  53 -23 -80]
 [ 84 -41  62  -3]
 [ -1 -76 -25  94]]
Затраченное время: 0:00:00.003643

A*B (numpy)
 [[-59  21 -64   4]
 [ 13  53 -23 -80]
 [ 84 -41  62  -3]
 [ -1 -76 -25  94]]
Затраченное время: 0:00:00.000035
```
